14,229
0,446
0,444
0,443
0,442
15,12
15,11
15,5
0,440
0,324
0,410
0,439
2,5
2,3
0,1
0,438
0,243
0,0
1,3
20,5
20,4
20,3
17,9
17,8
17,7
37,9
37,8
37,7
37,6
37,5
37,4
37,3
0,435
0,434
19,4
0,433
15,0
15,10
0,432
0,2
0,431
0,430
0,429
0,428
0,427
0,426
0,425
15,1
21,2
0,424
0,423
0,422
0,421
0,420
16,1
16,13
0,419
0,418
0,417
0,416
14,202
14,201
14,200
0,415
0,385
0,414
14,194
0,413
15,2
0,412
0,386
0,463
0,451
0,391
0,300
0,299
0,295
0,294
0,291
0,380
0,273
0,406
0,272
0,271
0,389
0,270
0,251
0,227
0,336
0,194
0,193
0,255
0,341
0,250
0,403
0,249
0,339
0,411
0,236
0,364
0,235
0,404
0,234
0,233
0,323
0,232
0,363
0,226
0,335
0,225
0,307
0,220
0,301
0,409
0,198
0,351
0,197
0,196
0,322
0,195
0,507
0,192
0,334
0,63
0,387
0,62
0,342
0,61
0,325
0,60
0,369
0,59
0,58
0,57
0,358
0,56
0,368
0,55
0,54
0,375
0,53
16,2
16,0
0,400
16,9
0,52
0,367
0,51
0,348
0,50
0,49
0,394
0,48
0,47
0,315
0,46
0,448
0,45
0,6
0,447
0,298
14,91
0,393
0,297
0,480
0,296
0,293
0,445
0,292
0,392
0,290
0,395
0,289
0,366
0,288
0,357
0,287
0,399
0,286
0,381
0,285
16,12
0,284
0,373
0,283
0,372
0,282
0,371
0,281
0,460
0,280
16,4
0,279
0,278
0,456
0,277
0,455
0,408
0,276
0,275
0,454
0,274
0,398
14,38
14,32
14,98
14,96
14,77
14,76
14,74
14,71
14,69
14,68
14,66
14,64
14,36
14,35
14,33
14,72
14,79
14,129
14,128
14,101
14,99
14,80
14,126
14,124
14,123
14,121
14,120
14,118
14,117
14,115
14,107
14,113
14,112
14,110
14,109
17,6
16,7
14,149
14,148
14,146
14,145
14,142
14,140
14,139
14,137
14,136
14,134
14,132
14,131
14,174
14,181
14,180
14,178
14,163
14,160
14,159
14,157
14,156
14,154
14,152
14,151
15,6
16,6
0,269
0,506
16,8
15,9
15,7
15,3
15,4
16,10
19,3
17,3
17,4
16,5
21,3
21,4
0,268
0,405
0,267
0,493
0,266
0,265
0,397
0,264
14,90
14,89
14,88
14,87
14,86
14,85
14,84
14,83
14,82
14,177
14,176
14,175
14,173
14,172
0,379
0,263
0,262
0,320
0,261
0,388
0,260
0,384
0,259
0,511
0,258
0,309
0,257
29,3
27,3
47,3
0,256
0,476
0,254
0,365
0,253
38,3
0,252
0,378
0,248
0,496
0,247
0,246
0,492
0,245
0,495
0,244
0,505
0,242
0,481
0,241
0,240
0,396
0,407
0,239
0,238
0,354
0,237
0,370
0,436
0,231
0,230
0,345
0,229
0,360
0,228
0,383
16,11
15,8
0,224
14,170
14,169
14,168
14,167
14,166
14,164
14,161
14,143
14,191
14,190
14,189
14,188
14,187
14,186
0,486
0,223
0,222
0,337
0,221
16,3
0,304
0,303
0,12
0,11
0,10
0,8
0,219
0,508
0,218
0,329
0,217
0,402
0,216
0,215
0,214
0,344
0,213
0,343
0,212
0,211
0,353
0,210
0,209
0,208
0,207
0,390
0,206
0,503
0,205
0,204
0,203
17,10
0,202
0,352
0,201
0,350
17,5
14,179
14,158
14,155
14,153
14,150
14,147
14,144
14,141
14,138
14,135
14,133
14,130
14,100
14,81
14,127
14,125
14,122
14,119
14,116
14,114
14,111
14,108
14,106
14,97
14,78
14,75
14,70
14,67
14,65
14,37
14,34
14,73
0,200
14,162
0,199
0,401
14,165
14,31
14,30
14,29
14,28
14,27
14,11
14,10
14,9
14,5
14,4
14,3
14,2
14,1
14,0
13,4
13,3
13,2
13,1
13,0
12,9
12,8
12,7
12,6
12,5
12,4
12,3
12,2
12,1
12,0
11,5
11,4
11,3
11,2
11,1
11,0
10,4
10,3
10,2
10,1
10,0
9,5
9,4
9,3
9,2
9,1
9,0
8,5
8,4
8,3
8,2
8,1
8,0
7,5
7,4
7,3
7,2
7,1
7,0
6,5
6,4
6,3
6,2
6,1
6,0
5,6
5,5
5,4
5,3
5,2
5,1
5,0
4,3
2,16
2,15
2,14
2,13
2,12
2,11
2,10
2,9
2,8
2,7
2,6
2,2
2,1
2,0
0,441
0,437
0,9
17,0
17,1
18,0
18,1
18,3
19,0
19,1
20,1
20,2
21,0
21,1
22,1
22,3
22,4
23,0
23,1
23,3
23,4
24,1
24,3
24,4
24,6
24,7
25,1
25,3
25,4
26,1
26,2
26,4
26,5
27,1
27,4
27,6
27,7
28,1
28,3
28,4
29,0
29,1
30,0
30,2
30,4
30,5
31,1
31,2
32,0
32,2
32,3
33,0
33,1
33,3
33,5
34,0
34,2
34,3
35,0
35,1
35,3
37,0
37,1
38,1
38,2
38,4
39,0
39,2
40,0
40,1
40,3
40,4
41,1
41,3
41,4
42,1
42,2
42,4
42,5
43,1
43,3
43,4
43,6
44,0
44,2
44,4
44,5
44,7
45,0
45,2
45,4
45,5
46,1
46,2
46,4
46,5
47,1
48,0
48,2
48,3
49,0
49,2
49,3
49,5
50,0
50,2
50,3
50,1
49,4
49,1
48,4
48,1
47,2
47,0
46,3
46,0
45,3
45,1
44,6
44,3
44,1
43,5
43,2
43,0
42,3
42,0
41,2
41,0
40,2
39,3
39,1
38,0
37,2
35,4
35,2
34,4
34,1
33,4
33,2
32,4
32,1
31,3
31,0
30,3
30,1
29,2
28,5
28,2
28,0
27,5
27,2
27,0
26,3
26,0
25,2
25,0
24,5
24,2
24,0
23,2
22,5
22,2
22,0
20,0
19,2
18,4
18,2
17,2
0,5
0,306
0,305
0,302
0,4
0,3
0,7
